    8.0000    0.0013    0.0008
   40.0000    0.0001    1.3617
   72.0000    0.0002    4.5242
  104.0000    0.0002   10.0434
  136.0000    0.0006    8.5560
  168.0000    0.0004   24.4414
  200.0000    0.0007   23.0216
  232.0000    0.0026    9.5468
  264.0000    0.0015   24.9150
  296.0000    0.0020   25.6015
  328.0000    0.0029   24.3446
  360.0000    0.0038   24.3444
  392.0000    0.0039   31.0177
  424.0000    0.0053   28.9005
  456.0000    0.0070   27.0255
  488.0000    0.0052   45.0618
  520.0000    0.0091   30.8216
  552.0000    0.0117   28.6903
  584.0000    0.0125   31.8734
  616.0000    0.0151   30.9371
  648.0000    0.0171   31.8765
  680.0000    0.0205   30.6928
  712.0000    0.0226   31.9915
  744.0000    0.0183   45.1173
  776.0000    0.0155   60.4748
  808.0000    0.0167   63.0583
  840.0000    0.0182   65.0073
  872.0000    0.0208   63.7430
  904.0000    0.0228   64.6960
  936.0000    0.0249   65.7652
  968.0000    0.0277   65.5541
   1.0e+03 *
    1.0000    0.0000    0.0710
   1.0e+03 *
    1.0320    0.0000    0.0705
   1.0e+03 *
    1.0640    0.0000    0.0751
   1.0e+03 *
    1.0960    0.0000    0.0704
   1.0e+03 *
    1.1280    0.0000    0.0770
   1.0e+03 *
    1.1600    0.0000    0.0734
   1.0e+03 *
    1.1920    0.0000    0.0754
   1.0e+03 *
    1.2240    0.0001    0.0703
   1.0e+03 *
    1.2560    0.0001    0.0759
   1.0e+03 *
    1.2880    0.0001    0.0749
   1.0e+03 *
    1.3200    0.0001    0.0767
   1.0e+03 *
    1.3520    0.0001    0.0744
   1.0e+03 *
    1.3840    0.0001    0.0767
   1.0e+03 *
    1.4160    0.0001    0.0777
   1.0e+03 *
    1.4480    0.0001    0.0743
   1.0e+03 *
    1.4800    0.0001    0.0790
   1.0e+03 *
    1.5120    0.0001    0.0774
   1.0e+03 *
    1.5440    0.0001    0.0702
   1.0e+03 *
    1.5760    0.0001    0.0744
   1.0e+03 *
    1.6080    0.0001    0.0752
   1.0e+03 *
    1.6400    0.0001    0.0749
   1.0e+03 *
    1.6720    0.0001    0.0774
   1.0e+03 *
    1.7040    0.0001    0.0802
   1.0e+03 *
    1.7360    0.0001    0.0761
   1.0e+03 *
    1.7680    0.0001    0.0778
   1.0e+03 *
    1.8000    0.0001    0.0783
   1.0e+03 *
    1.8320    0.0002    0.0763
   1.0e+03 *
    1.8640    0.0002    0.0769
   1.0e+03 *
    1.8960    0.0002    0.0801
   1.0e+03 *
    1.9280    0.0002    0.0769
   1.0e+03 *
    1.9600    0.0002    0.0768
   1.0e+03 *
    1.9920    0.0002    0.0788
The maximum gflops per core is 80.151, and this occurs at N=1704
.