
The following have been reloaded with a version change:
  1) matlab/24.1 => matlab/R2025b

    8.0000    0.0034    0.0003
   40.0000    0.0001    1.4222
   72.0000    0.0002    4.6366
  104.0000    0.0003    6.7559
  136.0000    0.0006    8.5560
  168.0000    0.0012    8.2392
  200.0000    0.0018    8.7864
  232.0000    0.0027    9.2463
  264.0000    0.0112    3.2963
  296.0000    0.0057    9.0301
  328.0000    0.0279    2.5293
  360.0000    0.0427    2.1855
  392.0000    0.0451    2.6712
  424.0000    0.0423    3.6040
  456.0000    0.0687    2.7607
  488.0000    0.0813    2.8582
  520.0000    0.0342    8.2164
  552.0000    0.0395    8.5241
  584.0000    0.0498    7.9946
  616.0000    0.0571    8.1907
  648.0000    0.1126    4.8331
  680.0000    0.0617   10.1906
  712.0000    0.0703   10.2636
  744.0000    0.0796   10.3432
  776.0000    0.0946    9.8807
  808.0000    0.1061    9.9446
  840.0000    0.1177   10.0683
  872.0000    0.1318   10.0579
  904.0000    0.1438   10.2718
  936.0000    0.1600   10.2480
  968.0000    0.1830    9.9116
   1.0e+03 *
    1.0000    0.0002    0.0102
   1.0e+03 *
    1.0320    0.0002    0.0103
   1.0e+03 *
    1.0640    0.0002    0.0099
   1.0e+03 *
    1.0960    0.0003    0.0102
   1.0e+03 *
    1.1280    0.0003    0.0103
   1.0e+03 *
    1.1600    0.0003    0.0100
   1.0e+03 *
    1.1920    0.0003    0.0102
   1.0e+03 *
    1.2240    0.0004    0.0102
   1.0e+03 *
    1.2560    0.0004    0.0102
   1.0e+03 *
    1.2880    0.0004    0.0103
   1.0e+03 *
    1.3200    0.0004    0.0104
   1.0e+03 *
    1.3520    0.0005    0.0103
   1.0e+03 *
    1.3840    0.0005    0.0105
   1.0e+03 *
    1.4160    0.0005    0.0105
   1.0e+03 *
    1.4480    0.0006    0.0104
   1.0e+03 *
    1.4800    0.0006    0.0105
   1.0e+03 *
    1.5120    0.0007    0.0105
   1.0e+03 *
    1.5440    0.0007    0.0104
   1.0e+03 *
    1.5760    0.0007    0.0105
   1.0e+03 *
    1.6080    0.0008    0.0105
   1.0e+03 *
    1.6400    0.0008    0.0105
   1.0e+03 *
    1.6720    0.0009    0.0107
   1.0e+03 *
    1.7040    0.0009    0.0107
   1.0e+03 *
    1.7360    0.0010    0.0106
   1.0e+03 *
    1.7680    0.0010    0.0107
   1.0e+03 *
    1.8000    0.0011    0.0108
   1.0e+03 *
    1.8320    0.0012    0.0107
   1.0e+03 *
    1.8640    0.0012    0.0107
   1.0e+03 *
    1.8960    0.0013    0.0107
   1.0e+03 *
    1.9280    0.0014    0.0106
   1.0e+03 *
    1.9600    0.0014    0.0104
   1.0e+03 *
    1.9920    0.0015    0.0107
